-78.400901 106.349673
-78.400901 106.578603
-78.351351 106.120742
-78.351351 106.349673
-78.351351 106.578603
-78.301802 106.120742
-78.301802 106.349673
-78.301802 106.578603
-78.252252 105.891812
-78.252252 106.120742
-78.252252 106.349673
-78.252252 106.578603
-78.202703 105.662882
-78.202703 105.891812
-78.202703 106.120742
-78.202703 106.349673
-78.202703 106.578603
-78.153153 105.662882
-78.153153 105.891812
-78.153153 106.120742
-78.153153 106.349673
-78.153153 106.578603
-78.103604 105.433952
-78.103604 105.662882
-78.103604 105.891812
-78.103604 106.120742
-78.103604 106.349673
-78.103604 106.578603
-78.054054 105.433952
-78.054054 105.662882
-78.054054 105.891812
-78.054054 106.120742
-78.054054 106.349673
-78.054054 106.578603
-78.004505 105.205022
-78.004505 105.433952
-78.004505 105.662882
-78.004505 105.891812
-78.004505 106.120742
-78.004505 106.349673
-78.004505 106.578603
-77.954955 105.205022
-77.954955 105.433952
-77.954955 105.662882
-77.954955 105.891812
-77.954955 106.120742
-77.954955 106.349673
-77.954955 106.578603
-77.905405 104.976092
-77.905405 105.205022
-77.905405 105.433952
-77.905405 105.662882
-77.905405 105.891812
-77.905405 106.120742
-77.905405 106.349673
-77.905405 106.578603
-77.855856 104.976092
-77.855856 105.205022
-77.855856 105.433952
-77.855856 105.662882
-77.855856 105.891812
-77.855856 106.120742
-77.855856 106.349673
-77.855856 106.578603
-77.806306 104.976092
-77.806306 105.205022
-77.806306 105.433952
-77.806306 105.662882
-77.806306 105.891812
-77.806306 106.120742
-77.806306 106.349673
-77.806306 106.578603
-77.756757 104.747162
-77.756757 104.976092
-77.756757 105.205022
-77.756757 105.433952
-77.756757 105.662882
-77.756757 105.891812
-77.756757 106.120742
-77.756757 106.349673
-77.756757 106.578603
-77.707207 104.747162
-77.707207 104.976092
-77.707207 105.205022
-77.707207 105.433952
-77.707207 105.662882
-77.707207 105.891812
-77.707207 106.120742
-77.707207 106.349673
-77.707207 106.578603
-77.657658 104.518231
-77.657658 104.747162
-77.657658 104.976092
-77.657658 105.205022
-77.657658 105.433952
-77.657658 105.662882
-77.657658 105.891812
-77.657658 106.120742
-77.657658 106.349673
-77.657658 106.578603
-77.608108 104.518231
-77.608108 104.747162
-77.608108 104.976092
-77.608108 105.205022
-77.608108 105.433952
-77.608108 105.662882
-77.608108 105.891812
-77.608108 106.120742
-77.608108 106.349673
-77.558559 104.289301
-77.558559 104.518231
-77.558559 104.747162
-77.558559 104.976092
-77.558559 105.205022
-77.558559 105.433952
-77.558559 105.662882
-77.558559 105.891812
-77.558559 106.120742
-77.558559 106.349673
-77.509009 104.289301
-77.509009 104.518231
-77.509009 104.747162
-77.509009 104.976092
-77.509009 105.205022
-77.509009 105.433952
-77.509009 105.662882
-77.509009 105.891812
-77.509009 106.120742
-77.509009 106.349673
-77.459459 104.060371
-77.459459 104.289301
-77.459459 104.518231
-77.459459 104.747162
-77.459459 104.976092
-77.459459 105.205022
-77.459459 105.433952
-77.459459 105.662882
-77.459459 105.891812
-77.459459 106.120742
-77.459459 106.349673
-77.409910 104.060371
-77.409910 104.289301
-77.409910 104.518231
-77.409910 104.747162
-77.409910 104.976092
-77.409910 105.205022
-77.409910 105.433952
-77.409910 105.662882
-77.409910 105.891812
-77.409910 106.120742
-77.409910 106.349673
-77.360360 103.831441
-77.360360 104.060371
-77.360360 104.289301
-77.360360 104.518231
-77.360360 104.747162
-77.360360 104.976092
-77.360360 105.205022
-77.360360 105.433952
-77.360360 105.662882
-77.360360 105.891812
-77.360360 106.120742
-77.360360 106.349673
-77.310811 103.831441
-77.310811 104.060371
-77.310811 104.289301
-77.310811 104.518231
-77.310811 104.747162
-77.310811 104.976092
-77.310811 105.205022
-77.310811 105.433952
-77.310811 105.662882
-77.310811 105.891812
-77.310811 106.120742
-77.261261 103.602511
-77.261261 103.831441
-77.261261 104.060371
-77.261261 104.289301
-77.261261 104.518231
-77.261261 104.747162
-77.261261 104.976092
-77.261261 105.205022
-77.261261 105.433952
-77.261261 105.662882
-77.261261 105.891812
-77.261261 106.120742
-77.211712 103.602511
-77.211712 103.831441
-77.211712 104.060371
-77.211712 104.289301
-77.211712 104.518231
-77.211712 104.747162
-77.211712 104.976092
-77.211712 105.205022
-77.211712 105.433952
-77.211712 105.662882
-77.211712 105.891812
-77.211712 106.120742
-77.162162 103.373581
-77.162162 103.602511
-77.162162 103.831441
-77.162162 104.060371
-77.162162 104.289301
-77.162162 104.518231
-77.162162 104.747162
-77.162162 104.976092
-77.162162 105.205022
-77.162162 105.433952
-77.162162 105.662882
-77.162162 105.891812
-77.162162 106.120742
-77.112613 103.373581
-77.112613 103.602511
-77.112613 103.831441
-77.112613 104.060371
-77.112613 104.289301
-77.112613 104.518231
-77.112613 104.747162
-77.112613 104.976092
-77.112613 105.205022
-77.112613 105.433952
-77.112613 105.662882
-77.112613 105.891812
-77.112613 106.120742
-77.063063 103.144651
-77.063063 103.373581
-77.063063 103.602511
-77.063063 103.831441
-77.063063 104.060371
-77.063063 104.289301
-77.063063 104.518231
-77.063063 104.747162
-77.063063 104.976092
-77.063063 105.205022
-77.063063 105.433952
-77.063063 105.662882
-77.063063 105.891812
-77.063063 106.120742
-77.013514 103.144651
-77.013514 103.373581
-77.013514 103.602511
-77.013514 103.831441
-77.013514 104.060371
-77.013514 104.289301
-77.013514 104.518231
-77.013514 104.747162
-77.013514 104.976092
-77.013514 105.205022
-77.013514 105.433952
-77.013514 105.662882
-77.013514 105.891812
-76.963964 103.144651
-76.963964 103.373581
-76.963964 103.602511
-76.963964 103.831441
-76.963964 104.060371
-76.963964 104.289301
-76.963964 104.518231
-76.963964 104.747162
-76.963964 104.976092
-76.963964 105.205022
-76.963964 105.433952
-76.963964 105.662882
-76.963964 105.891812
-76.914414 102.915721
-76.914414 103.144651
-76.914414 103.373581
-76.914414 103.602511
-76.914414 103.831441
-76.914414 104.060371
-76.914414 104.289301
-76.914414 104.518231
-76.914414 104.747162
-76.914414 104.976092
-76.914414 105.205022
-76.914414 105.433952
-76.914414 105.662882
-76.914414 105.891812
-76.864865 102.915721
-76.864865 103.144651
-76.864865 103.373581
-76.864865 103.602511
-76.864865 103.831441
-76.864865 104.060371
-76.864865 104.289301
-76.864865 104.518231
-76.864865 104.747162
-76.864865 104.976092
-76.864865 105.205022
-76.864865 105.433952
-76.864865 105.662882
-76.864865 105.891812
-76.815315 102.686790
-76.815315 102.915721
-76.815315 103.144651
-76.815315 103.373581
-76.815315 103.602511
-76.815315 103.831441
-76.815315 104.060371
-76.815315 104.289301
-76.815315 104.518231
-76.815315 104.747162
-76.815315 104.976092
-76.815315 105.205022
-76.815315 105.433952
-76.815315 105.662882
-76.815315 105.891812
-76.765766 102.686790
-76.765766 102.915721
-76.765766 103.144651
-76.765766 103.373581
-76.765766 103.602511
-76.765766 103.831441
-76.765766 104.060371
-76.765766 104.289301
-76.765766 104.518231
-76.765766 104.747162
-76.765766 104.976092
-76.765766 105.205022
-76.765766 105.433952
-76.765766 105.662882
-76.716216 102.457860
-76.716216 102.686790
-76.716216 102.915721
-76.716216 103.144651
-76.716216 103.373581
-76.716216 103.602511
-76.716216 103.831441
-76.716216 104.060371
-76.716216 104.289301
-76.716216 104.518231
-76.716216 104.747162
-76.716216 104.976092
-76.716216 105.205022
-76.716216 105.433952
-76.716216 105.662882
-76.666667 102.457860
-76.666667 102.686790
-76.666667 102.915721
-76.666667 103.144651
-76.666667 103.373581
-76.666667 103.602511
-76.666667 103.831441
-76.666667 104.060371
-76.666667 104.289301
-76.666667 104.518231
-76.666667 104.747162
-76.666667 104.976092
-76.666667 105.205022
-76.666667 105.433952
-76.666667 105.662882
-76.617117 102.228930
-76.617117 102.457860
-76.617117 102.686790
-76.617117 102.915721
-76.617117 103.144651
-76.617117 103.373581
-76.617117 103.602511
-76.617117 103.831441
-76.617117 104.060371
-76.617117 104.289301
-76.617117 104.518231
-76.617117 104.747162
-76.617117 104.976092
-76.617117 105.205022
-76.617117 105.433952
-76.567568 102.228930
-76.567568 102.457860
-76.567568 102.686790
-76.567568 102.915721
-76.567568 103.144651
-76.567568 103.373581
-76.567568 103.602511
-76.567568 103.831441
-76.567568 104.060371
-76.567568 104.289301
-76.567568 104.518231
-76.567568 104.747162
-76.567568 104.976092
-76.567568 105.205022
-76.567568 105.433952
-76.518018 102.228930
-76.518018 102.457860
-76.518018 102.686790
-76.518018 102.915721
-76.518018 103.144651
-76.518018 103.373581
-76.518018 103.602511
-76.518018 103.831441
-76.518018 104.060371
-76.518018 104.289301
-76.518018 104.518231
-76.518018 104.747162
-76.518018 104.976092
-76.518018 105.205022
-76.518018 105.433952
